1	2
1	3
1	5
1	8
1	9
1	12
1	14
1	16
1	18
1	20
1	21
1	31
1	34
1	35
1	39
1	44
1	56
1	60
1	62
1	63
1	92
1	120
1	158
1	161
1	325
1	328
2	3
2	5
2	6
2	9
2	14
2	20
2	35
2	40
2	46
2	55
2	59
2	67
2	101
2	105
2	143
2	158
2	183
2	185
2	238
2	353
3	5
3	42
6	3
6	9
6	59
6	85
6	93
9	3
9	5
9	6
9	9
9	13
9	15
9	20
9	27
9	31
9	32
9	34
9	35
9	37
9	39
9	46
9	47
9	48
9	49
9	63
9	66
9	67
9	68
9	79
9	101
9	102
9	103
9	105
9	107
9	118
9	119
9	126
9	132
9	281
9	362
11	23
11	46
12	6
13	3
13	9
13	352
14	3
14	5
14	6
14	9
14	14
14	16
14	20
14	28
14	31
14	40
14	44
14	46
14	51
14	56
14	67
14	91
14	92
14	105
14	113
14	116
14	126
14	143
14	158
14	186
15	9
15	40
15	105
17	4
17	5
17	6
17	9
17	20
17	31
17	32
17	34
17	48
17	88
17	102
17	105
17	282
17	331
18	42
19	3
19	5
19	9
19	35
19	48
19	64
20	27
20	40
20	46
20	91
20	99
21	3
21	6
21	9
21	34
21	183
21	231
22	9
22	14
22	32
22	35
22	212
22	214
23	3
23	9
23	64
23	113
24	3
24	5
24	9
24	46
24	105
25	1
25	3
25	5
25	6
25	9
25	23
25	47
25	57
25	66
25	67
25	95
25	132
25	158
26	183
27	3
27	9
27	14
27	18
27	30
27	46
27	81
28	5
28	9
28	12
28	27
28	31
28	34
28	35
28	90
28	115
28	162
29	1
29	85
30	40
31	3
31	9
31	46
31	105
32	3
32	9
32	192
33	3
33	34
33	58
34	3
34	4
34	6
34	9
34	11
34	13
34	14
34	16
34	20
34	33
34	35
34	40
34	41
34	42
34	44
34	50
34	54
34	64
34	83
34	91
34	107
34	142
34	154
34	158
34	183
34	277
34	328
35	3
35	5
35	6
35	9
35	23
35	32
35	35
35	40
35	48
35	54
35	62
35	64
35	66
35	67
35	76
35	81
35	102
35	206
35	279
36	5
36	9
36	55
36	67
37	2
37	3
37	6
37	9
37	14
37	18
37	20
37	31
37	34
37	35
37	40
37	41
37	46
37	50
37	67
37	121
37	158
39	67
40	59
41	2
41	3
41	5
41	9
41	32
41	46
41	59
41	105
42	5
42	9
42	35
42	46
42	56
42	192
43	2
43	3
43	4
43	5
43	6
43	9
43	14
43	16
43	20
43	21
43	23
43	27
43	28
43	31
43	34
43	35
43	40
43	41
43	43
43	46
43	48
43	50
43	51
43	54
43	56
43	57
43	61
43	63
43	65
43	66
43	67
43	68
43	77
43	90
43	91
43	92
43	100
43	102
43	105
43	110
43	115
43	116
43	124
43	132
43	154
43	161
43	169
43	172
43	173
43	182
43	183
43	212
43	214
43	222
43	223
43	225
43	240
43	243
43	248
43	250
43	255
44	223
45	9
46	9
46	31
46	40
46	60
46	88
47	1
47	3
47	5
47	6
47	9
47	10
47	14
47	18
47	27
47	34
47	35
47	37
47	41
47	43
47	44
47	46
47	50
47	60
47	63
47	67
47	77
47	86
47	105
47	125
47	183
47	222
49	3
50	1
50	2
50	3
50	4
50	6
50	8
50	9
50	14
50	15
50	20
50	21
50	28
50	31
50	34
50	35
50	40
50	41
50	42
50	43
50	46
50	47
50	50
50	55
50	59
50	60
50	62
50	65
50	67
50	75
50	105
50	113
50	159
50	164
50	220
50	223
50	287
51	1
51	2
51	3
51	4
51	5
51	6
51	14
51	16
51	21
51	34
51	38
51	40
51	46
51	50
51	52
51	56
51	62
51	67
51	75
51	91
51	105
51	109
51	229
51	364
52	6
52	46
52	48
53	5
53	50
53	105
54	3
54	32
54	105
54	166
55	3
55	5
55	6
55	9
55	15
55	20
55	25
55	31
55	32
55	34
55	35
55	40
55	42
55	46
55	54
55	67
55	74
55	85
55	86
55	91
55	101
55	110
55	123
55	167
55	221
55	235
55	279
55	333
56	3
56	5
56	6
56	9
56	14
56	20
56	23
56	31
56	34
56	35
56	37
56	40
56	48
56	55
56	66
56	67
56	76
56	81
56	83
56	85
56	91
56	92
56	96
56	101
56	104
56	105
56	117
56	138
56	154
56	161
56	251
57	6
57	67
58	348
59	3
59	6
59	9
59	11
59	14
59	16
59	27
59	32
59	46
59	48
59	64
59	66
59	67
59	68
59	88
59	89
59	105
59	132
59	146
59	183
60	6
60	9
60	16
60	27
60	40
60	53
60	105
60	117
60	158
61	3
61	5
61	9
61	14
61	44
61	46
61	58
61	65
61	105
61	117
61	157
62	3
62	6
62	9
62	14
62	35
62	40
62	41
62	46
62	48
62	67
62	68
62	91
62	108
62	127
62	151
62	158
62	183
62	360
63	9
63	46
64	4
64	20
64	58
65	50
65	67
66	9
66	185
66	196
66	214
67	6
67	9
67	14
67	43
67	46
67	48
67	56
67	59
67	63
67	115
67	124
67	154
67	241
67	353
68	31
70	46
71	2
71	3
71	5
71	6
71	9
71	27
71	31
71	32
71	46
71	66
71	67
71	81
71	93
71	105
71	132
71	133
71	161
71	162
71	223
72	3
72	5
72	6
72	9
72	23
72	48
72	49
72	81
72	113
72	233
74	9
74	35
74	52
74	115
74	351
75	207
76	3
76	5
76	9
76	35
76	49
76	67
76	101
76	161
76	174
77	1
77	6
77	9
77	12
77	13
77	32
77	35
77	43
77	48
77	50
77	55
77	59
77	91
77	93
77	101
77	145
77	184
78	3
78	22
78	34
78	80
79	9
79	23
79	37
79	223
80	3
80	5
81	6
82	91
83	1
83	3
83	5
83	6
83	8
83	9
83	11
83	12
83	14
83	20
83	27
83	31
83	32
83	34
83	35
83	39
83	40
83	46
83	47
83	54
83	64
83	84
83	85
83	101
83	105
83	117
83	119
83	121
83	143
83	157
83	158
83	161
83	165
83	171
83	172
83	179
83	182
83	185
83	188
83	199
83	211
83	222
83	223
83	259
83	277
83	304
83	330
83	337
87	20
87	50
87	235
88	9
88	85
90	4
90	6
90	14
90	20
90	32
90	35
90	46
90	64
90	67
90	77
90	91
90	105
90	111
91	2
91	3
91	5
91	6
91	9
91	14
91	16
91	20
91	31
91	34
91	35
91	50
91	55
91	67
91	77
91	86
91	92
91	105
91	121
91	126
91	228
92	212
93	3
93	235
95	3
95	102
95	126
97	105
98	47
99	28
100	9
100	20
100	31
100	35
100	48
100	67
101	9
101	23
102	3
102	6
102	10
102	14
102	31
102	32
102	35
102	41
102	46
102	48
102	64
102	65
102	67
102	68
102	114
102	142
102	158
102	178
102	187
102	234
103	277
103	351
104	6
104	50
105	115
106	212
107	2
107	5
107	14
107	47
107	64
108	16
108	41
109	1
109	2
109	3
109	4
109	6
109	9
109	10
109	11
109	14
109	31
109	34
109	38
109	40
109	43
109	46
109	47
109	50
109	55
109	56
109	67
109	92
109	102
109	105
109	107
109	112
109	113
109	125
109	150
109	154
109	158
109	166
109	223
109	232
109	281
109	330
109	340
110	3
110	5
110	20
110	68
110	202
111	3
111	6
111	9
111	20
111	46
112	14
112	31
113	3
113	5
113	6
113	9
113	16
113	18
113	20
113	31
113	34
113	35
113	39
113	40
113	41
113	47
113	48
113	59
113	68
113	91
113	107
113	210
113	366
114	1
114	2
114	3
114	4
114	5
114	6
114	9
114	12
114	13
114	14
114	16
114	18
114	31
114	32
114	33
114	34
114	35
114	40
114	41
114	42
114	44
114	46
114	47
114	48
114	50
114	55
114	60
114	64
114	66
114	67
114	88
114	93
114	105
114	106
114	107
114	124
114	125
114	142
114	146
114	150
114	154
114	158
114	183
114	210
114	211
114	212
114	225
114	235
114	253
114	284
114	370
115	2
115	3
115	5
115	6
115	9
115	10
115	14
115	18
115	20
115	23
115	24
115	27
115	28
115	31
115	32
115	35
115	40
115	43
115	45
115	46
115	48
115	49
115	51
115	52
115	54
115	58
115	59
115	63
115	66
115	67
115	80
115	83
115	87
115	105
115	110
115	115
115	116
115	123
115	126
115	130
115	135
115	139
115	158
115	164
115	165
115	173
115	183
115	185
115	255
115	310
115	329
115	330
115	337
115	346
116	93
118	67
118	288
119	1
119	2
119	3
119	4
119	5
119	6
119	7
119	8
119	9
119	12
119	13
119	16
119	20
119	21
119	28
119	31
119	32
119	34
119	37
119	40
119	41
119	46
119	47
119	48
119	50
119	55
119	56
119	57
119	58
119	60
119	67
119	77
119	78
119	81
119	89
119	91
119	101
119	105
119	108
119	110
119	116
119	125
119	130
119	132
119	145
119	150
119	161
119	172
119	178
119	183
119	196
119	203
119	206
119	208
119	210
119	214
119	222
119	223
119	241
119	287
119	290
119	292
120	46
120	64
121	2
121	3
121	4
121	5
121	6
121	7
121	9
121	11
121	12
121	14
121	16
121	19
121	20
121	23
121	25
121	27
121	31
121	32
121	34
121	35
121	39
121	40
121	41
121	42
121	46
121	47
121	48
121	50
121	51
121	56
121	58
121	60
121	62
121	64
121	65
121	67
121	75
121	81
121	83
121	86
121	92
121	93
121	100
121	102
121	105
121	107
121	111
121	114
121	115
121	121
121	126
121	127
121	138
121	150
121	161
121	164
121	173
121	174
121	203
121	216
121	236
121	294
121	318
121	330
122	3
122	6
122	14
122	27
122	31
122	35
122	40
122	50
122	67
122	85
122	91
122	105
122	139
122	142
122	162
122	187
122	356
124	3
124	5
124	6
124	9
124	14
124	31
124	32
124	34
124	35
124	37
124	41
124	46
124	49
124	54
124	55
124	56
124	58
124	59
124	64
124	65
124	66
124	67
124	68
124	77
124	88
124	94
124	105
124	115
124	124
124	126
124	132
124	136
124	146
124	164
124	210
124	279
124	335
124	342
125	3
125	14
125	43
125	58
125	109
125	158
126	3
126	5
126	6
126	9
126	12
126	14
126	30
126	31
126	34
126	46
126	47
126	74
126	77
126	92
126	101
126	103
126	115
127	3
127	5
127	6
127	9
127	11
127	14
127	16
127	18
127	20
127	31
127	37
127	40
127	46
127	50
127	54
127	55
127	61
127	62
127	64
127	67
127	85
127	86
127	123
127	125
127	132
127	161
127	205
127	222
127	233
128	34
129	3
130	6
130	16
130	22
130	46
130	48
130	52
130	109
130	183
130	241
131	3
131	6
131	14
131	113
131	341
132	3
132	9
132	14
132	28
133	3
133	6
133	9
133	40
133	43
133	58
133	60
133	67
133	105
133	115
133	119
133	142
133	155
134	6
134	48
134	52
134	81
134	226
135	2
135	3
135	5
135	6
135	9
135	11
135	14
135	16
135	20
135	27
135	40
135	41
135	46
135	48
135	50
135	66
135	67
135	76
135	93
135	105
135	128
135	132
135	158
135	161
135	346
137	1
137	3
137	5
137	9
137	16
137	17
137	21
137	34
137	35
137	37
137	38
137	40
137	47
137	48
137	57
137	68
137	97
137	105
137	110
137	151
137	158
137	183
137	218
137	235
137	345
138	105
139	3
139	4
139	5
139	6
139	9
139	12
139	23
139	27
139	31
139	48
139	67
139	76
139	101
139	121
139	135
139	235
140	2
140	3
140	4
140	5
140	6
140	7
140	9
140	11
140	12
140	14
140	16
140	17
140	20
140	25
140	27
140	28
140	31
140	32
140	34
140	35
140	36
140	37
140	38
140	40
140	41
140	43
140	44
140	46
140	48
140	49
140	50
140	54
140	56
140	58
140	59
140	62
140	63
140	64
140	65
140	66
140	67
140	68
140	77
140	86
140	87
140	88
140	91
140	93
140	95
140	105
140	111
140	115
140	118
140	119
140	126
140	127
140	130
140	132
140	139
140	145
140	150
140	158
140	161
140	164
140	165
140	172
140	176
140	180
140	185
140	197
140	219
140	224
140	243
140	252
140	258
140	274
140	279
140	330
140	337
140	372
141	3
141	6
141	126
142	2
142	3
142	6
142	9
142	10
142	11
142	13
142	16
142	19
142	20
142	29
142	31
142	34
142	35
142	37
142	40
142	41
142	46
142	49
142	60
142	65
142	66
142	67
142	71
142	72
142	85
142	92
142	95
142	105
142	132
142	161
142	183
142	256
143	3
143	9
144	6
144	9
144	14
144	32
144	34
144	40
144	46
144	55
145	9
145	46
146	5
146	6
146	9
146	36
146	46
146	48
146	64
147	6
148	1
148	2
148	3
148	5
148	6
148	9
148	11
148	12
148	13
148	14
148	16
148	17
148	20
148	21
148	27
148	28
148	31
148	32
148	34
148	35
148	40
148	41
148	46
148	49
148	53
148	54
148	56
148	58
148	59
148	63
148	64
148	68
148	88
148	91
148	101
148	105
148	112
148	115
148	123
148	127
148	157
148	158
148	161
148	222
148	247
148	263
148	330
149	6
149	9
149	31
149	67
150	35
150	40
150	56
150	192
151	2
151	3
151	5
151	16
151	31
151	34
151	37
151	43
151	75
151	241
152	5
152	6
152	9
152	11
152	16
152	20
152	40
152	46
152	53
152	64
152	67
152	241
152	346
153	2
153	3
153	5
153	6
153	9
153	11
153	14
153	20
153	23
153	29
153	31
153	32
153	35
153	44
153	46
153	48
153	55
153	59
153	123
153	126
153	136
153	214
153	315
153	329
154	6
154	9
155	352
156	46
158	3
158	6
158	9
158	35
158	56
158	63
158	151
158	192
159	4
159	5
159	9
159	50
159	67
159	76
159	113
159	162
160	1
160	2
160	3
160	5
160	9
160	13
160	14
160	16
160	24
160	27
160	31
160	34
160	35
160	38
160	40
160	45
160	46
160	47
160	50
160	51
160	54
160	55
160	58
160	59
160	60
160	83
160	84
160	88
160	89
160	95
160	105
160	157
160	172
160	177
160	238
160	329
161	5
161	6
161	183
162	6
163	20
163	50
163	235
164	2
164	3
164	5
164	6
164	9
164	11
164	16
164	22
164	27
164	31
164	35
164	40
164	46
164	49
164	50
164	54
164	65
164	67
164	105
164	124
164	126
164	161
164	162
164	191
165	1
165	2
165	3
165	4
165	5
165	6
165	7
165	9
165	12
165	14
165	16
165	17
165	20
165	25
165	27
165	28
165	31
165	32
165	35
165	40
165	43
165	46
165	47
165	48
165	54
165	55
165	56
165	60
165	64
165	65
165	67
165	68
165	75
165	79
165	85
165	88
165	89
165	91
165	95
165	97
165	101
165	102
165	105
165	106
165	109
165	115
165	125
165	127
165	132
165	139
165	143
165	150
165	154
165	158
165	161
165	185
165	196
165	232
165	254
165	306
167	6
167	23
168	46
169	206
170	3
171	1
171	2
171	3
171	5
171	6
171	9
171	11
171	12
171	14
171	20
171	21
171	27
171	31
171	32
171	34
171	35
171	37
171	40
171	41
171	46
171	47
171	54
171	55
171	58
171	59
171	62
171	63
171	65
171	66
171	67
171	68
171	88
171	92
171	103
171	105
171	117
171	123
171	125
171	130
171	145
171	149
171	156
171	161
171	167
171	177
171	179
171	183
171	190
171	212
171	231
171	247
171	268
171	342
173	2
173	3
173	5
173	6
173	8
173	9
173	12
173	14
173	16
173	18
173	19
173	20
173	21
173	31
173	34
173	35
173	39
173	40
173	46
173	56
173	60
173	64
173	92
173	98
173	101
173	104
173	111
173	115
173	120
173	124
173	156
173	161
173	325
174	2
174	3
174	5
174	9
174	14
174	17
174	20
174	23
174	41
174	58
174	94
174	115
174	143
175	2
175	3
175	5
175	6
175	9
175	11
175	18
175	20
175	31
175	34
175	35
175	40
175	41
175	46
175	50
175	67
175	158
176	233
178	5
178	23
178	31
178	264
179	3
179	4
179	6
179	9
179	15
179	20
179	21
179	31
179	46
179	50
179	88
179	92
179	102
179	157
179	165
179	223
179	235
179	247
180	41
181	3
182	2
182	23
183	34
184	20
184	50
184	235
185	123
186	1
186	3
186	4
186	5
186	6
186	7
186	9
186	10
186	13
186	16
186	21
186	31
186	38
186	40
186	41
186	46
186	50
186	55
186	63
186	64
186	67
186	88
186	105
186	107
186	132
186	161
186	172
186	241
186	297
187	23
187	76
188	3
188	5
188	6
188	9
188	11
188	14
188	16
188	20
188	22
188	31
188	32
188	34
188	37
188	40
188	46
188	47
188	48
188	57
188	59
188	67
188	86
188	100
188	115
188	151
188	183
188	214
188	312
188	337
188	347
189	3
189	6
189	9
189	14
189	31
189	32
189	35
189	40
189	41
189	44
189	46
189	50
189	57
189	65
189	67
189	109
189	145
189	210
189	213
189	223
189	241
190	6
190	9
190	223
191	46
191	49
191	59
191	91
191	105
191	139
191	209
192	34
194	3
197	9
197	14
197	27
197	31
197	35
197	105
197	183
197	330
199	113
200	2
200	3
200	5
200	6
200	9
200	14
200	34
200	46
200	48
200	77
200	113
201	353
202	111
202	155
202	352
203	9
203	16
203	64
203	358
204	3
204	6
204	9
204	16
204	31
204	34
204	35
204	46
204	86
204	91
204	143
204	166
204	183
204	212
204	260
204	319
205	3
205	32
205	67
205	93
207	3
207	5
207	6
207	9
207	14
207	16
207	31
207	46
207	67
207	105
207	171
207	183
207	222
207	235
207	352
208	9
208	143
208	183
208	337
209	2
209	5
209	6
209	9
209	14
209	16
209	31
209	34
209	35
209	40
209	46
209	47
209	138
209	259
209	277
210	105
211	2
211	3
211	5
211	9
211	31
211	50
211	330
212	1
212	3
212	4
212	5
212	6
212	7
212	8
212	9
212	10
212	12
212	14
212	16
212	20
212	27
212	31
212	34
212	35
212	38
212	40
212	41
212	46
212	47
212	48
212	49
212	54
212	55
212	56
212	58
212	59
212	64
212	65
212	66
212	67
212	68
212	69
212	75
212	83
212	85
212	86
212	89
212	92
212	101
212	103
212	105
212	107
212	115
212	116
212	117
212	119
212	123
212	132
212	143
212	146
212	161
212	167
212	182
212	224
212	241
212	253
212	261
212	320
216	212
217	9
218	3
218	6
218	9
218	14
218	16
218	32
218	46
218	47
218	59
218	105
218	158
218	182
218	213
218	241
219	81
220	2
220	3
220	5
220	6
220	9
220	11
220	14
220	19
220	20
220	29
220	30
220	31
220	32
220	34
220	37
220	40
220	41
220	43
220	46
220	48
220	50
220	56
220	62
220	66
220	67
220	68
220	81
220	86
220	88
220	89
220	92
220	100
220	105
220	115
220	139
220	143
220	145
220	155
220	182
220	185
220	188
220	212
220	216
220	228
220	238
220	264
220	330
220	337
220	363
220	365
221	2
221	3
221	5
221	9
221	14
221	34
221	38
221	40
221	47
221	58
221	67
221	183
222	3
222	5
222	6
222	9
222	14
222	20
222	23
222	27
222	31
222	34
222	35
222	40
222	46
222	54
222	59
222	64
222	67
222	96
222	105
222	110
222	153
222	160
223	2
223	3
223	5
223	6
223	9
223	11
223	14
223	20
223	29
223	31
223	34
223	46
223	48
223	50
223	56
223	58
223	59
223	67
223	68
223	77
223	91
223	92
223	98
223	101
223	105
223	115
223	117
223	121
223	132
223	142
223	182
223	183
223	185
223	188
223	197
223	212
223	228
223	264
223	337
223	350
223	363
223	365
224	1
224	2
224	3
224	4
224	5
224	6
224	9
224	11
224	14
224	27
224	28
224	29
224	31
224	34
224	37
224	39
224	40
224	41
224	44
224	46
224	47
224	48
224	49
224	50
224	54
224	56
224	58
224	60
224	62
224	64
224	67
224	83
224	84
224	85
224	86
224	91
224	92
224	102
224	115
224	119
224	125
224	127
224	129
224	135
224	143
224	146
224	158
224	161
224	165
224	203
224	212
224	216
224	217
224	221
224	223
224	228
224	233
224	337
225	3
225	31
225	40
225	223
226	62
227	3
227	9
227	46
227	49
227	85
227	86
227	98
227	105
227	183
228	2
228	3
228	5
228	6
228	9
228	11
228	14
228	16
228	17
228	31
228	32
228	34
228	38
228	40
228	46
228	47
228	56
228	58
228	62
228	65
228	68
228	105
228	115
228	124
228	130
228	255
229	233
229	235
230	3
230	6
230	9
230	35
230	41
230	46
230	48
230	56
230	103
230	192
230	258
230	351
231	2
231	3
231	5
231	6
231	9
231	11
231	12
231	13
231	14
231	16
231	20
231	31
231	34
231	40
231	41
231	46
231	48
231	50
231	64
231	67
231	68
231	87
231	88
231	93
231	105
231	108
231	115
231	124
231	143
231	158
231	175
231	231
232	3
232	128
233	2
233	3
233	5
233	6
233	8
233	9
233	12
233	14
233	15
233	19
233	20
233	31
233	32
233	34
233	35
233	37
233	40
233	46
233	47
233	48
233	55
233	58
233	59
233	60
233	65
233	76
233	86
233	88
233	91
233	101
233	102
233	103
233	105
233	111
233	115
233	121
233	139
233	145
233	151
233	164
233	168
233	206
233	223
233	241
233	253
234	6
237	9
237	35
237	46
237	174
237	193
238	27
239	2
239	3
239	5
239	6
239	8
239	9
239	11
239	12
239	14
239	16
239	18
239	19
239	20
239	21
239	23
239	27
239	31
239	34
239	35
239	39
239	46
239	48
239	49
239	55
239	56
239	60
239	62
239	92
239	108
239	119
239	120
239	146
239	161
239	325
240	3
240	6
240	14
240	115
241	12
244	14
244	105
245	3
245	5
245	34
245	35
245	56
245	192
245	351
246	40
247	41
248	3
248	6
248	9
248	46
248	52
248	65
248	105
248	192
248	359
249	161
250	3
250	5
250	9
250	10
250	14
250	18
250	20
250	23
250	40
250	41
250	46
250	48
250	67
250	80
250	105
250	110
250	123
250	124
250	155
250	171
250	196
250	221
250	339
251	1
251	3
251	5
251	9
251	14
251	32
251	34
251	35
251	40
251	43
251	46
251	47
251	49
251	50
251	51
251	86
251	89
251	105
251	140
251	161
251	183
252	2
252	3
252	4
252	5
252	6
252	9
252	20
252	29
252	31
252	34
252	46
252	48
252	58
252	62
252	67
252	82
252	103
252	105
252	112
252	119
252	120
252	217
252	223
252	228
252	255
252	364
253	3
253	9
254	2
254	9
254	31
254	32
254	47
254	91
254	161
255	5
255	9
256	9
256	14
256	67
257	1
257	3
257	4
257	5
257	6
257	9
257	14
257	16
257	20
257	22
257	27
257	30
257	31
257	32
257	34
257	35
257	40
257	41
257	46
257	47
257	48
257	54
257	58
257	59
257	60
257	63
257	66
257	67
257	68
257	93
257	101
257	103
257	105
257	107
257	115
257	123
257	125
257	126
257	130
257	132
257	161
257	173
257	254
257	272
258	3
259	3
259	5
259	6
259	9
259	14
259	16
259	27
259	31
259	32
259	35
259	37
259	39
259	41
259	46
259	49
259	55
259	58
259	59
259	60
259	62
259	64
259	67
259	86
259	89
259	93
259	105
259	124
259	126
259	136
259	139
259	150
259	153
259	158
259	161
259	165
259	183
259	186
259	237
260	40
260	119
261	3
261	5
261	6
261	7
261	9
261	14
261	15
261	16
261	19
261	20
261	27
261	28
261	29
261	31
261	32
261	34
261	35
261	38
261	40
261	44
261	46
261	50
261	54
261	55
261	59
261	65
261	67
261	75
261	81
261	92
261	101
261	105
261	115
261	123
261	127
261	158
261	161
261	162
261	182
261	183
261	190
261	230
261	235
261	246
261	335
261	342
261	365
262	3
262	5
262	8
262	9
262	12
262	14
262	20
262	35
262	40
262	46
262	67
262	77
262	105
262	109
263	40
263	121
264	2
264	66
264	126
264	144
264	230
264	352
266	6
267	9
267	20
267	88
267	341
268	6
269	1
269	2
269	3
269	4
269	5
269	6
269	7
269	9
269	11
269	12
269	13
269	14
269	16
269	18
269	20
269	21
269	22
269	23
269	27
269	28
269	30
269	31
269	32
269	34
269	35
269	37
269	38
269	40
269	41
269	43
269	46
269	47
269	48
269	49
269	50
269	51
269	53
269	54
269	55
269	57
269	58
269	61
269	62
269	63
269	64
269	65
269	66
269	68
269	75
269	76
269	78
269	81
269	83
269	85
269	86
269	88
269	89
269	91
269	92
269	95
269	101
269	102
269	107
269	108
269	109
269	110
269	112
269	115
269	119
269	120
269	121
269	122
269	124
269	126
269	130
269	132
269	134
269	139
269	143
269	145
269	146
269	156
269	158
269	161
269	163
269	164
269	166
269	175
269	187
269	192
269	194
269	198
269	199
269	200
269	201
269	205
269	206
269	208
269	215
269	222
269	235
269	236
269	239
269	244
269	246
269	253
269	266
269	272
269	274
269	281
269	307
269	335
269	347
270	31
272	5
273	3
273	9
273	31
273	35
273	46
273	56
273	67
273	81
273	93
273	125
273	283
274	2
274	3
274	4
274	6
274	9
274	16
274	20
274	21
274	31
274	35
274	36
274	37
274	43
274	46
274	48
274	49
274	50
274	54
274	55
274	56
274	67
274	85
274	96
274	109
274	124
274	143
274	156
274	161
274	183
274	208
274	221
274	335
274	347
275	3
275	4
275	6
275	9
275	13
275	14
275	16
275	17
275	20
275	31
275	32
275	34
275	40
275	41
275	46
275	47
275	48
275	50
275	51
275	66
275	67
275	83
275	92
275	102
275	125
275	126
275	144
275	158
275	161
275	223
276	2
276	3
276	5
276	9
276	20
276	23
276	31
276	35
276	56
278	3
278	4
278	5
278	9
278	10
278	16
278	24
278	27
278	34
278	40
278	45
278	46
278	47
278	48
278	50
278	56
278	59
278	67
278	76
278	93
278	126
278	143
278	158
278	164
278	178
278	183
278	217
278	223
279	3
279	21
279	72
280	2
280	3
280	5
280	6
280	9
280	14
280	15
280	16
280	20
280	27
280	32
280	34
280	35
280	46
280	58
280	67
280	101
280	254
281	1
281	2
281	3
281	4
281	5
281	6
281	9
281	10
281	11
281	13
281	14
281	15
281	16
281	20
281	23
281	26
281	27
281	28
281	31
281	32
281	33
281	34
281	35
281	39
281	41
281	42
281	46
281	48
281	49
281	54
281	55
281	56
281	57
281	58
281	61
281	63
281	66
281	67
281	68
281	69
281	76
281	80
281	81
281	83
281	90
281	91
281	93
281	102
281	104
281	105
281	112
281	117
281	124
281	125
281	126
281	132
281	143
281	145
281	154
281	160
281	161
281	164
281	165
281	177
281	221
281	222
281	224
281	252
281	272
281	294
281	313
281	316
281	326
282	9
282	31
282	49
282	59
284	1
284	2
284	3
284	4
284	6
284	9
284	14
284	16
284	27
284	28
284	32
284	34
284	40
284	46
284	48
284	55
284	60
284	66
284	67
284	71
284	75
284	88
284	102
284	105
284	107
284	130
284	136
284	146
284	161
284	328
285	3
285	5
285	6
285	9
285	14
285	20
285	23
285	27
285	31
285	32
285	34
285	38
285	40
285	46
285	50
285	54
285	55
285	56
285	62
285	88
285	91
285	92
285	100
285	102
285	166
285	183
285	296
286	2
286	3
286	6
286	9
286	14
286	20
286	46
286	91
286	103
287	9
287	23
287	31
287	49
287	67
287	90
287	121
288	6
288	40
288	85
288	93
288	98
288	183
289	34
289	40
289	105
289	266
290	1
290	3
290	4
290	5
290	53
290	54
290	55
290	255
291	3
291	6
291	9
291	10
291	34
291	40
291	47
291	49
291	143
292	1
292	6
292	9
292	14
292	31
292	37
292	47
292	62
292	66
292	101
293	108
293	126
294	6
294	9
294	183
294	335
295	1
295	2
295	3
295	4
295	5
295	6
295	9
295	11
295	12
295	14
295	15
295	16
295	17
295	20
295	21
295	26
295	27
295	29
295	31
295	32
295	34
295	35
295	37
295	38
295	39
295	40
295	41
295	46
295	49
295	50
295	55
295	56
295	59
295	60
295	63
295	64
295	66
295	67
295	68
295	70
295	73
295	76
295	81
295	86
295	88
295	93
295	101
295	104
295	105
295	110
295	114
295	115
295	124
295	125
295	143
295	151
295	158
295	161
295	165
295	168
295	183
295	197
295	220
295	222
295	223
295	232
295	241
295	258
295	314
295	318
295	325
295	337
297	40
298	3
299	6
299	9
299	14
299	20
299	27
299	31
299	34
299	48
299	50
299	55
299	56
299	66
299	67
299	91
299	143
299	146
299	241
299	259
300	3
300	14
300	40
300	47
300	58
300	67
300	183
300	222
301	3
301	5
301	6
301	9
301	11
301	14
301	20
301	35
301	48
301	67
301	81
301	83
301	91
301	93
301	151
302	3
303	5
303	335
304	3
304	5
304	6
304	9
304	13
304	14
304	20
304	21
304	22
304	28
304	31
304	35
304	40
304	46
304	47
304	48
304	54
304	60
304	62
304	63
304	67
304	85
304	101
304	105
304	115
304	119
304	125
304	126
304	143
304	158
304	161
304	183
304	222
304	281
304	305
304	309
304	339
306	2
306	3
306	5
306	8
306	9
306	12
306	14
306	16
306	18
306	20
306	21
306	31
306	34
306	35
306	39
306	44
306	56
306	60
306	62
306	63
306	92
306	98
306	120
306	161
306	325
306	328
307	3
307	5
307	9
307	35
307	46
307	56
307	192
308	2
308	5
308	6
308	9
308	12
308	14
308	16
308	48
309	9
309	105
309	113
309	226
310	9
310	158
311	5
311	6
311	9
311	14
311	27
311	105
311	185
311	282
312	2
312	3
312	5
312	9
312	20
312	23
312	31
312	35
312	51
312	56
313	3
313	113
313	291
314	1
314	2
314	3
314	5
314	6
314	8
314	9
314	14
314	22
314	27
314	28
314	31
314	32
314	34
314	35
314	40
314	43
314	44
314	46
314	47
314	49
314	51
314	54
314	58
314	59
314	63
314	66
314	67
314	101
314	104
314	105
314	110
314	112
314	115
314	132
314	140
314	143
314	161
314	162
314	174
314	183
314	213
314	226
314	234
314	236
314	241
314	253
314	305
314	367
315	6
316	9
317	34
318	3
318	6
318	9
319	9
320	9
320	31
321	9
322	3
322	9
323	3
323	6
323	58
323	64
323	70
323	206
325	3
325	5
325	6
325	9
325	11
325	20
325	31
325	40
325	43
325	44
325	46
325	50
325	51
325	59
325	67
325	86
325	142
325	169
325	183
326	9
327	1
327	3
327	4
327	5
327	6
327	9
327	11
327	12
327	14
327	16
327	20
327	27
327	31
327	32
327	34
327	36
327	37
327	40
327	46
327	47
327	54
327	58
327	59
327	63
327	65
327	67
327	81
327	86
327	88
327	97
327	101
327	105
327	118
327	132
327	136
327	157
327	158
327	161
327	171
327	305
327	323
327	337
328	161
330	4
331	3
332	5
332	47
333	23
333	178
334	3
334	5
334	9
334	13
334	16
334	35
334	40
334	41
334	46
334	54
334	105
334	126
335	9
336	2
336	3
336	4
336	5
336	6
336	9
336	10
336	14
336	16
336	27
336	32
336	34
336	35
336	39
336	40
336	44
336	46
336	49
336	55
336	58
336	61
336	66
336	67
336	68
336	86
336	100
336	104
336	105
336	112
336	115
336	121
336	123
336	126
336	127
336	130
336	132
336	139
336	161
336	167
336	178
336	197
336	222
336	241
336	271
336	299
337	3
337	5
337	6
337	8
337	9
337	19
337	27
337	34
337	37
337	63
337	67
337	105
337	174
337	183
337	232
337	267
338	2
338	3
338	9
338	14
338	23
338	27
338	31
338	34
338	35
338	40
338	46
338	47
338	48
338	49
338	50
338	67
338	91
338	93
338	151
338	347
338	364
339	23
339	63
340	20
341	351
342	34
342	46
343	66
343	140
343	183
344	66
344	161
345	9
345	63
346	1
346	3
346	5
346	6
346	7
346	9
346	10
346	16
346	21
346	34
346	40
346	50
346	60
346	67
346	85
346	88
346	105
346	139
346	158
346	222
348	64
348	124
349	3
349	9
349	40
349	46
349	47
349	60
349	105
349	337
350	23
351	6
351	9
351	20
351	31
351	105
351	111
352	6
353	2
353	3
353	4
353	5
353	6
353	9
353	10
353	11
353	14
353	18
353	20
353	27
353	29
353	31
353	34
353	35
353	40
353	41
353	46
353	48
353	50
353	54
353	56
353	60
353	66
353	67
353	91
353	92
353	105
353	112
353	115
353	126
353	158
353	178
353	183
353	214
355	2
355	3
355	5
355	6
355	9
355	14
355	20
355	31
355	40
355	43
355	46
355	47
355	55
355	67
355	90
355	92
355	105
355	112
355	113
355	183
355	222
355	231
355	257
355	282
355	288
355	337
356	352
357	2
357	9
357	67
358	2
358	3
358	5
358	9
358	10
358	32
358	34
358	35
358	54
358	60
358	67
358	80
358	105
358	115
358	161
358	223
359	1
359	3
359	5
359	6
359	9
359	14
359	31
359	32
359	34
359	44
359	47
359	49
359	92
359	230
360	31
360	35
361	2
361	3
361	5
361	8
361	9
361	11
361	12
361	14
361	16
361	19
361	20
361	32
361	46
361	47
361	56
361	60
361	66
361	67
361	89
361	101
361	104
361	117
361	172
362	9
362	11
362	35
362	40
362	41
362	46
362	105
362	142
362	158
362	337
364	2
365	126
366	3
366	6
366	9
366	14
366	16
366	17
366	20
366	31
366	46
366	146
366	185
366	358
367	2
367	3
367	5
367	6
367	9
367	11
367	16
367	40
367	42
367	46
367	58
367	61
367	67
367	76
367	105
367	151
367	158
367	162
367	164
367	196
367	252
367	328
368	9
368	77
368	93
368	161
369	75
370	1
370	2
370	3
370	4
370	5
370	6
370	8
370	9
370	10
370	11
370	13
370	14
370	16
370	20
370	23
370	28
370	31
370	32
370	34
370	35
370	40
370	43
370	46
370	47
370	48
370	50
370	54
370	56
370	59
370	65
370	67
370	86
370	88
370	100
370	105
370	119
370	121
370	124
370	136
370	145
370	155
370	186
370	222
370	223
370	241
370	247
370	337
370	362
371	31
371	126
371	132
371	192
372	5
372	6
372	9
372	20
372	31
372	62
372	63
372	77
372	118
372	143
372	183
372	258
372	264
373	4
373	5
373	9
373	11
373	14
373	18
373	20
373	31
373	41
373	46
373	50
373	67
373	154
373	183
373	222
374	8
374	9
374	16
374	20
374	48
376	5
378	3
379	3
379	9
379	31
379	43
379	46
379	48
379	51
379	67
379	105
379	132
379	183
379	196
379	212
379	273
381	5
381	9
381	16
381	47
381	93
381	107
381	147
382	161
383	1
383	6
383	9
383	31
383	35
383	67
384	124
385	1
386	9
386	105
387	1
387	2
387	3
387	5
387	6
387	9
387	11
387	14
387	16
387	32
387	34
387	35
387	37
387	40
387	43
387	46
387	54
387	64
387	65
387	66
387	67
387	91
387	93
387	100
387	101
387	102
387	110
387	132
387	139
387	154
387	162
387	163
387	183
387	223
387	254
387	330
387	335
388	2
388	3
388	5
388	6
388	9
388	10
388	12
388	14
388	20
388	27
388	28
388	32
388	34
388	35
388	37
388	39
388	46
388	48
388	49
388	54
388	64
388	67
388	80
388	84
388	95
388	99
388	105
388	108
388	111
388	113
388	118
388	126
388	127
388	143
388	157
388	161
388	165
388	194
388	245
388	255
388	277
389	3
389	5
389	6
389	9
389	14
389	34
389	40
389	46
389	47
389	59
389	67
389	105
389	183
389	214
390	2
390	3
390	5
390	6
390	9
390	14
390	16
390	17
390	20
390	28
390	34
390	43
390	48
390	55
390	59
390	66
390	67
390	100
390	105
390	119
390	132
390	183
390	222
390	231
390	362
391	6
391	14
391	16
391	27
391	35
391	36
391	46
391	48
391	59
391	100
391	105
391	117
391	330
392	3
392	5
392	6
392	9
392	11
392	14
392	16
392	18
392	20
392	27
392	31
392	34
392	35
392	38
392	40
392	43
392	46
392	47
392	48
392	50
392	56
392	58
392	61
392	80
392	91
392	92
392	100
392	102
392	105
392	108
392	139
392	161
392	185
392	266
393	1
393	2
393	3
393	4
393	5
393	6
393	9
393	11
393	12
393	13
393	14
393	15
393	16
393	18
393	20
393	21
393	26
393	27
393	28
393	29
393	30
393	31
393	32
393	33
393	34
393	35
393	37
393	39
393	40
393	41
393	42
393	43
393	46
393	47
393	48
393	49
393	50
393	54
393	55
393	58
393	61
393	62
393	63
393	64
393	65
393	66
393	67
393	68
393	75
393	76
393	77
393	78
393	81
393	83
393	85
393	86
393	88
393	91
393	92
393	93
393	95
393	101
393	102
393	103
393	105
393	107
393	108
393	109
393	110
393	111
393	113
393	115
393	119
393	125
393	126
393	130
393	132
393	134
393	139
393	143
393	144
393	146
393	150
393	161
393	164
393	165
393	166
393	171
393	172
393	173
393	174
393	175
393	179
393	181
393	195
393	206
393	213
393	214
393	216
393	222
393	223
393	224
393	225
393	233
393	236
393	238
393	246
393	249
393	253
393	254
393	258
393	266
393	281
393	286
393	290
393	295
393	296
393	308
393	328
393	367
393	371
394	3
394	31
395	3
395	14
395	31
395	105
396	6
396	9
396	27
396	31
396	46
396	58
396	67
396	90
396	105
396	223
397	1
397	2
397	3
397	6
397	7
397	8
397	9
397	14
397	16
397	31
397	32
397	34
397	35
397	40
397	43
397	46
397	47
397	50
397	56
397	57
397	58
397	60
397	64
397	65
397	67
397	101
397	108
397	111
397	115
397	126
397	155
397	161
397	162
397	210
397	220
397	222
397	228
397	335
398	347
399	1
399	3
399	5
399	6
399	9
399	10
399	12
399	13
399	14
399	18
399	20
399	27
399	34
399	37
399	38
399	40
399	41
399	46
399	47
399	48
399	50
399	56
399	58
399	59
399	60
399	66
399	67
399	84
399	88
399	91
399	92
399	95
399	103
399	105
399	115
399	123
399	153
399	157
399	169
399	173
399	231
399	235
399	238
399	241
399	329
400	3
400	4
400	5
400	6
400	9
400	12
400	14
400	46
400	56
400	178
400	197
401	5
401	6
401	31
401	253
402	5
402	125
403	1
403	2
403	3
403	4
403	5
403	6
403	7
403	8
403	9
403	14
403	27
403	31
403	32
403	34
403	35
403	37
403	46
403	47
403	48
403	50
403	54
403	58
403	62
403	63
403	66
403	67
403	74
403	81
403	86
403	95
403	105
403	108
403	121
403	123
403	128
403	222
403	231
403	316
404	67
405	3
405	5
405	6
405	9
405	16
405	18
405	20
405	31
405	34
405	35
405	39
405	40
405	41
405	47
405	59
405	68
405	91
405	107
405	210
405	366
406	1
406	5
406	6
406	9
406	14
406	16
406	31
406	34
406	35
406	37
406	46
406	47
406	48
406	54
406	55
406	67
406	92
406	95
406	101
406	143
406	158
406	173
406	185
406	188
406	357
407	3
407	6
407	9
408	9
409	9
410	85
411	1
411	3
411	4
411	5
411	6
411	9
411	11
411	12
411	16
411	20
411	27
411	28
411	31
411	32
411	34
411	35
411	37
411	41
411	46
411	49
411	57
411	58
411	62
411	63
411	64
411	66
411	67
411	68
411	80
411	81
411	86
411	88
411	89
411	99
411	105
411	106
411	108
411	115
411	124
411	126
411	132
411	143
411	149
411	159
411	161
411	162
411	209
411	212
411	220
411	261
411	297
412	9
414	2
414	3
414	5
414	6
414	7
414	9
414	18
414	31
414	35
414	41
414	67
414	86
414	92
414	113
414	235
415	46
415	48
416	5
416	9
416	40
416	43
416	60
416	158
416	241
417	7
417	9
417	14
417	16
417	21
417	34
417	40
417	48
417	67
417	105
417	158
417	235
417	336
418	277
419	2
419	3
419	6
420	46
421	9
421	23
421	35
421	40
421	46
422	3
424	2
424	3
424	5
424	6
424	9
424	11
424	14
424	16
424	28
424	31
424	32
424	34
424	35
424	37
424	40
424	43
424	46
424	47
424	48
424	50
424	51
424	56
424	61
424	66
424	67
424	81
424	86
424	91
424	104
424	105
424	108
424	113
424	115
424	155
424	183
424	212
424	216
424	220
424	223
424	228
424	241
424	262
424	265
425	9
425	14
425	23
425	27
425	59
425	60
425	68
425	86
425	106
425	115
426	55
427	9
427	23
427	40
427	41
427	91
427	185
427	351
428	2
428	3
428	5
428	6
428	9
428	11
428	14
428	16
428	29
428	31
428	34
428	35
428	40
428	44
428	46
428	48
428	55
428	60
428	64
428	67
428	68
428	86
428	91
428	97
428	105
428	106
428	107
428	126
428	151
428	161
428	183
428	228
428	249
428	277
428	306
428	337
429	3
430	34
432	2
432	3
432	5
432	6
432	9
432	11
432	14
432	18
432	20
432	21
432	27
432	29
432	31
432	32
432	34
432	35
432	40
432	42
432	43
432	44
432	46
432	48
432	50
432	59
432	67
432	68
432	90
432	91
432	92
432	105
432	123
432	124
432	130
432	183
432	199
432	223
432	228
432	337
432	360
432	363
432	369
434	3
434	91
435	3
436	158
437	1
437	2
437	3
437	6
437	9
437	10
437	12
437	14
437	16
437	20
437	27
437	28
437	31
437	32
437	34
437	35
437	40
437	41
437	43
437	46
437	48
437	50
437	55
437	56
437	61
437	67
437	77
437	88
437	90
437	125
437	136
437	146
437	161
437	185
437	187
437	194
437	230
437	241
437	316
437	330
437	336
438	9
439	46
440	1
440	3
440	4
440	5
440	6
440	9
440	10
440	14
440	16
440	27
440	31
440	32
440	34
440	40
440	41
440	46
440	50
440	56
440	58
440	63
440	66
440	67
440	81
440	91
440	92
440	101
440	115
440	126
440	132
440	145
440	146
440	154
440	161
440	166
440	177
440	183
440	185
440	223
440	281
440	297
441	12
441	31
441	40
442	14
442	31
442	66
443	1
443	3
443	9
443	11
443	14
443	18
443	20
443	31
443	40
443	46
443	47
443	59
443	76
443	79
443	91
443	101
443	138
443	297
444	8
444	67
444	105
444	166
444	183
445	3
445	20
445	31
445	96
445	104
447	1
447	2
447	3
447	4
447	6
447	7
447	8
447	9
447	13
447	14
447	15
447	16
447	20
447	21
447	28
447	31
447	34
447	35
447	40
447	41
447	42
447	43
447	46
447	50
447	55
447	58
447	59
447	60
447	62
447	65
447	67
447	75
447	105
447	113
447	125
447	150
447	159
447	164
447	210
447	220
447	223
447	287
448	2
448	3
448	5
448	6
448	9
448	20
448	21
448	29
448	31
448	37
448	41
448	48
448	55
448	65
448	67
448	68
448	86
448	88
448	91
448	102
448	105
448	110
448	115
448	135
448	161
448	228
448	264
449	1
449	3
449	4
449	5
449	6
449	7
449	9
449	10
449	11
449	14
449	16
449	18
449	20
449	31
449	34
449	35
449	44
449	46
449	48
449	50
449	59
449	60
449	65
449	75
449	90
449	91
449	97
449	105
449	112
449	120
449	124
449	182
449	183
449	186
449	194
449	225
449	321
449	335
449	353
449	360
450	4
450	16
451	67
451	103
451	280
452	113
453	3
453	5
453	6
453	14
453	46
454	5
455	2
455	3
455	5
455	7
455	8
455	9
455	12
455	14
455	16
455	18
455	19
455	20
455	21
455	31
455	32
455	34
455	35
455	39
455	40
455	41
455	43
455	46
455	47
455	56
455	59
455	60
455	62
455	66
455	74
455	92
455	95
455	101
455	105
455	110
455	120
455	161
455	173
455	178
455	206
455	325
455	328
456	3
456	9
456	18
456	44
456	46
456	58
456	81
456	105
456	158
456	288
457	1
457	2
457	3
457	4
457	5
457	6
457	9
457	11
457	14
457	20
457	28
457	32
457	34
457	40
457	46
457	47
457	48
457	64
457	66
457	67
457	68
457	77
457	93
457	102
457	105
457	166
457	185
457	214
457	223
457	236
457	259
458	31
459	3
459	4
459	5
459	6
459	9
459	14
459	16
459	20
459	22
459	34
459	35
459	40
459	41
459	43
459	46
459	47
459	48
459	50
459	55
459	57
459	67
459	90
459	110
459	132
459	154
459	158
459	235
461	5
461	9
461	23
461	53
461	78
461	143
462	3
462	6
462	9
462	16
462	17
462	20
462	34
462	35
462	40
462	49
462	54
462	66
462	67
462	91
462	101
463	3
463	105
464	1
464	3
464	5
464	6
464	9
464	10
464	13
464	14
464	18
464	28
464	31
464	32
464	34
464	35
464	37
464	44
464	46
464	48
464	49
464	50
464	56
464	58
464	59
464	64
464	67
464	68
464	77
464	78
464	82
464	88
464	89
464	91
464	93
464	100
464	105
464	112
464	115
464	117
464	124
464	157
464	165
464	221
464	223
464	335
465	9
465	14
465	59
466	34
466	67
466	226
467	9
467	14
468	32
469	3
470	3
470	4
470	9
470	23
470	27
470	46
470	66
470	232
470	253
471	2
471	3
471	6
471	9
471	14
471	20
471	30
471	31
471	34
471	35
471	37
471	40
471	46
471	50
471	56
471	67
471	68
471	92
471	105
471	115
471	121
471	142
471	182
471	188
471	216
471	228
471	264
471	283
471	337
471	363
471	365
473	3
473	5
473	14
473	40
473	52
473	56
473	67
473	88
473	91
473	358
474	9
474	47
474	67
474	113
474	132
474	142
474	154
474	241
475	58
475	164
476	49
476	56
476	59
477	5
477	6
477	9
477	40
478	9
479	1
479	2
479	3
479	5
479	6
479	9
479	10
479	11
479	14
479	15
479	16
479	20
479	21
479	25
479	26
479	27
479	31
479	32
479	34
479	35
479	37
479	40
479	41
479	43
479	46
479	47
479	49
479	50
479	51
479	55
479	56
479	60
479	64
479	66
479	67
479	68
479	70
479	81
479	86
479	88
479	93
479	98
479	110
479	115
479	124
479	125
479	132
479	151
479	156
479	158
479	161
479	165
479	183
479	214
479	233
479	238
479	258
479	325
479	336
479	337
479	342
479	357
479	362
480	31
480	183
482	3
482	6
482	9
482	16
482	34
482	41
482	46
482	50
482	255
483	3
483	9
483	63
483	110
483	174
484	34
485	3
486	1
486	2
486	3
486	4
486	5
486	6
486	8
486	9
486	11
486	13
486	14
486	16
486	17
486	18
486	20
486	21
486	27
486	31
486	32
486	33
486	34
486	37
486	40
486	41
486	42
486	44
486	46
486	47
486	48
486	49
486	50
486	54
486	55
486	56
486	58
486	60
486	61
486	63
486	67
486	68
486	86
486	89
486	91
486	93
486	102
486	103
486	105
486	107
486	109
486	113
486	114
486	117
486	125
486	126
486	142
486	150
486	151
486	154
486	158
486	161
486	182
486	183
486	184
486	185
486	209
486	210
486	211
486	237
486	241
486	272
486	284
486	336
487	3
488	14
488	23
488	50
488	105
490	6
490	9
490	34
490	40
490	47
490	57
490	121
490	124
490	183
491	3
491	5
491	6
491	9
491	20
491	21
491	31
491	34
491	40
491	46
491	47
491	60
491	63
491	67
491	86
491	92
491	158
491	183
491	222
493	6
493	46
494	3
494	5
494	6
494	9
494	11
494	27
494	31
494	40
494	43
494	44
494	46
494	50
494	51
494	59
494	67
494	86
494	142
494	169
494	183
495	3
496	20
496	50
496	235
497	23
498	20
498	48
498	107
498	223
499	126
500	1
500	2
500	3
500	4
500	5
500	6
500	9
500	10
500	12
500	13
500	14
500	15
500	16
500	20
500	21
500	27
500	28
500	29
500	31
500	32
500	34
500	35
500	37
500	38
500	40
500	41
500	43
500	44
500	46
500	47
500	48
500	49
500	50
500	54
500	56
500	62
500	66
500	67
500	81
500	84
500	86
500	91
500	92
500	102
500	105
500	113
500	115
500	119
500	123
500	124
500	131
500	144
500	158
500	161
500	183
500	194
500	212
500	228
500	247
500	294
500	326
500	333
500	369
501	1
501	2
501	3
501	4
501	5
501	6
501	7
501	9
501	10
501	11
501	14
501	16
501	21
501	25
501	31
501	34
501	38
501	40
501	43
501	46
501	47
501	50
501	55
501	56
501	67
501	92
501	102
501	105
501	107
501	112
501	113
501	125
501	150
501	154
501	158
501	183
501	190
501	223
501	232
501	281
501	330
501	340
502	3
502	9
502	46
502	47
503	2
503	3
503	4
503	5
503	6
503	9
503	11
503	14
503	23
503	28
503	31
503	32
503	34
503	37
503	40
503	41
503	46
503	54
503	58
503	64
503	65
503	66
503	71
503	85
503	86
503	91
503	94
503	105
503	108
503	115
503	123
503	126
503	128
503	132
503	154
503	212
503	223
503	228
503	330
503	335
505	9
506	5
506	9
506	46
506	47
507	11
507	16
507	135
509	2
509	3
509	4
509	6
509	11
509	14
509	15
509	20
509	25
509	31
509	35
509	40
509	47
509	51
509	64
509	93
509	170
509	183
509	255
510	48
510	226
511	31
512	2
512	6
512	9
512	20
512	31
512	32
512	40
512	47
512	67
512	91
512	93
512	130
512	132
512	161
512	194
512	235
512	336
513	2
513	3
513	6
513	9
513	20
513	46
513	48
513	135
513	347
514	3
514	6
514	9
514	20
514	31
514	35
514	40
514	46
514	50
514	91
514	113
514	158
515	27
515	223
516	2
516	9
516	21
516	34
516	55
516	111
517	1
517	2
517	3
517	5
517	6
517	9
517	11
517	12
517	14
517	16
517	20
517	30
517	31
517	34
517	35
517	40
517	43
517	46
517	47
517	48
517	55
517	56
517	61
517	66
517	67
517	68
517	76
517	86
517	90
517	91
517	92
517	101
517	105
517	112
517	124
517	132
517	158
517	161
517	187
517	233
517	252
517	276
517	285
518	6
518	16
518	34
518	46
518	67
518	183
519	20
519	50
519	105
519	235
520	2
520	3
520	5
520	6
520	9
520	10
520	14
520	20
520	29
520	31
520	34
520	40
520	44
520	46
520	48
520	54
520	59
520	62
520	67
520	68
520	77
520	86
520	102
520	105
520	111
520	126
520	132
520	137
520	143
520	145
520	157
520	158
520	183
520	221
520	222
520	232
521	35
521	66
521	81
522	6
523	185
524	5
524	212
525	5
525	9
525	21
525	67
525	113
525	330
526	9
526	12
526	14
526	34
526	40
526	80
526	161
527	3
527	11
527	18
527	20
527	46
527	101
528	6
529	3
529	5
530	3
530	5
530	6
530	9
530	31
530	34
530	37
530	43
530	47
530	55
530	59
530	62
530	91
530	105
530	110
530	139
530	164
530	241
530	286
531	3
531	6
531	9
531	14
531	32
531	34
531	46
531	48
531	59
533	20
533	50
533	235
534	1
534	2
534	3
534	4
534	5
534	6
534	7
534	9
534	11
534	12
534	13
534	14
534	16
534	20
534	22
534	27
534	31
534	35
534	40
534	41
534	46
534	54
534	55
534	61
534	63
534	67
534	75
534	90
534	97
534	105
534	125
534	132
534	161
534	164
534	165
534	183
534	258
534	336
534	355
535	6
535	135
536	2
536	3
536	6
536	31
536	49
536	67
536	101
536	161
536	190
536	204
536	337
537	3
537	5
537	6
537	9
537	12
537	14
537	27
537	31
537	32
537	46
537	48
537	55
537	56
537	81
537	105
537	133
537	158
537	161
537	197
538	91
539	64
540	6
540	9
540	49
541	3
541	6
542	3
542	57
542	347
543	20
543	31
544	32
545	6
545	9
545	58
545	102
545	121
546	5
546	40
548	9
548	32
548	67
548	132
548	145
548	223
549	58
550	9
552	14
552	46
553	3
553	5
553	6
553	9
553	18
553	20
553	34
553	35
553	46
553	67
553	162
554	6
555	20
555	50
555	235
557	11
557	16
557	40
557	52
557	105
557	110
557	138
557	158
558	2
558	3
558	5
558	6
558	9
558	12
558	14
558	20
558	31
558	32
558	35
558	40
558	41
558	46
558	47
558	48
558	50
558	67
558	77
558	86
558	91
558	101
558	105
558	107
558	109
558	123
558	125
558	126
558	151
558	161
558	183
558	206
558	214
558	223
558	228
558	235
558	255
558	282
558	328
560	6
560	9
561	3
561	6
561	9
561	11
561	14
561	16
561	20
561	31
561	34
561	44
561	46
561	55
561	81
561	92
561	138
561	277
563	3
564	2
564	4
564	6
564	9
564	13
564	16
564	33
564	35
564	40
564	41
564	42
564	44
564	50
564	59
564	85
564	105
564	107
564	126
564	139
564	142
564	143
564	154
564	158
564	235
565	1
565	2
565	3
565	4
565	5
565	6
565	9
565	13
565	14
565	16
565	17
565	20
565	27
565	31
565	33
565	35
565	40
565	41
565	42
565	44
565	50
565	55
565	58
565	59
565	60
565	63
565	68
565	86
565	93
565	102
565	103
565	105
565	107
565	113
565	117
565	125
565	126
565	139
565	142
565	143
565	150
565	151
565	154
565	158
565	161
565	183
565	209
565	210
565	211
565	235
565	237
565	264
565	284
566	2
566	5
566	6
566	9
566	31
566	48
567	3
567	5
567	6
567	8
567	9
567	20
567	35
567	46
567	50
567	67
567	94
567	115
567	125
567	142
567	153
567	368
568	3
568	5
568	6
568	9
568	46
568	51
568	67
568	104
568	172
569	1
569	2
569	3
569	4
569	5
569	6
569	9
569	10
569	13
569	14
569	16
569	17
569	24
569	27
569	31
569	32
569	34
569	35
569	37
569	38
569	40
569	44
569	45
569	46
569	47
569	49
569	54
569	55
569	58
569	59
569	60
569	62
569	65
569	67
569	68
569	73
569	82
569	83
569	84
569	85
569	88
569	89
569	95
569	97
569	103
569	104
569	105
569	106
569	114
569	115
569	117
569	119
569	123
569	126
569	145
569	157
569	161
569	162
569	164
569	165
569	169
569	173
569	177
569	178
569	183
569	206
569	214
569	238
569	329
569	337
569	345
569	372
570	3
570	6
570	9
570	31
570	67
571	40
572	2
572	55
572	113
573	139
574	3
574	5
574	6
574	9
574	11
574	31
574	35
574	40
574	46
574	58
574	64
574	66
574	67
574	89
574	102
574	105
574	183
575	183
575	277
576	47
577	2
577	3
577	5
577	6
577	9
577	14
577	15
577	20
577	27
577	31
577	32
577	34
577	35
577	40
577	46
577	55
577	59
577	63
577	65
577	67
577	83
577	85
577	91
577	101
577	105
577	110
577	126
577	132
577	145
577	146
577	161
577	165
577	172
577	329
578	3
578	5
578	6
578	9
578	14
578	22
578	31
578	34
578	46
578	48
578	50
578	58
578	67
578	86
578	101
578	112
578	158
578	183
578	333
580	1
580	2
580	3
580	4
580	5
580	6
580	8
580	9
580	10
580	11
580	12
580	13
580	14
580	15
580	16
580	18
580	20
580	21
580	27
580	28
580	29
580	30
580	31
580	32
580	34
580	35
580	37
580	39
580	40
580	41
580	43
580	44
580	46
580	47
580	48
580	49
580	50
580	51
580	54
580	55
580	56
580	57
580	58
580	59
580	60
580	61
580	62
580	63
580	64
580	65
580	66
580	67
580	68
580	74
580	75
580	76
580	77
580	80
580	83
580	84
580	85
580	86
580	88
580	89
580	90
580	91
580	92
580	93
580	95
580	98
580	102
580	103
580	104
580	105
580	106
580	107
580	108
580	110
580	111
580	113
580	115
580	117
580	118
580	119
580	120
580	122
580	123
580	124
580	125
580	126
580	127
580	130
580	132
580	134
580	139
580	140
580	143
580	145
580	146
580	147
580	148
580	151
580	152
580	154
580	156
580	158
580	161
580	164
580	165
580	168
580	169
580	172
580	173
580	183
580	188
580	201
580	216
580	222
580	223
580	224
580	228
580	229
580	231
580	234
580	235
580	236
580	238
580	241
580	249
580	258
580	261
580	264
580	281
580	286
580	298
580	302
580	318
580	321
580	322
580	327
580	329
580	333
580	336
580	337
580	338
580	357
580	362
581	20
581	31
581	56
581	297
582	3
582	5
582	6
582	9
582	14
582	27
582	35
582	41
582	46
582	54
582	58
582	64
582	67
582	85
582	91
582	111
582	149
583	61
583	223
584	2
584	3
584	5
584	6
584	9
584	10
584	14
584	16
584	19
584	20
584	22
584	31
584	32
584	34
584	46
584	50
584	55
584	58
584	67
584	88
584	92
584	93
584	101
584	105
584	124
584	158
584	165
584	230
584	240
584	246
584	324
584	365
585	1
585	3
585	5
585	6
585	9
585	11
585	12
585	14
585	16
585	17
585	20
585	27
585	28
585	31
585	34
585	37
585	40
585	46
585	48
585	49
585	51
585	58
585	59
585	63
585	66
585	67
585	83
585	86
585	89
585	92
585	93
585	101
585	102
585	105
585	107
585	117
585	119
585	121
585	126
585	132
585	143
585	145
585	161
585	183
585	216
585	236
585	297
585	326
585	337
585	373
586	3
587	27
587	40
587	66
587	105
587	164
587	233
587	347
588	3
588	6
588	9
588	10
588	14
588	20
588	22
588	31
588	35
588	40
588	46
588	48
588	50
588	67
588	77
588	158
588	178
588	277
589	2
589	3
589	5
589	6
589	9
589	14
589	27
589	31
589	34
589	39
589	40
589	41
589	46
589	49
589	50
589	55
589	56
589	59
589	60
589	67
589	91
589	105
589	158
589	188
590	3
590	113
591	3
591	9
591	47
591	341
592	6
592	28
592	35
592	40
593	6
593	9
594	20
595	14
596	3
596	9
596	358
598	3
598	9
598	35
598	46
598	56
598	85
598	93
598	139
598	142
598	192
600	2
600	3
600	5
600	6
600	8
600	9
600	10
600	12
600	14
600	16
600	20
600	28
600	32
600	35
600	37
600	39
600	40
600	44
600	46
600	48
600	54
600	56
600	64
600	80
600	84
600	105
600	108
600	118
600	126
600	136
600	157
600	161
600	165
600	183
600	194
600	233
600	247
600	277
600	324
600	332
601	207
602	9
602	23
602	232
603	5
603	9
603	14
603	31
603	50
603	52
604	3
604	5
604	6
604	9
604	32
604	34
604	48
604	55
604	56
604	60
604	83
604	105
604	123
604	343
605	56
606	47
607	110
608	6
608	9
608	11
608	31
608	34
608	35
608	51
608	67
608	123
608	145
608	158
608	212
608	275
608	342
609	1
609	3
609	5
609	6
609	9
609	12
609	14
609	32
609	46
609	335
610	58
611	6
611	41
611	126
612	37
612	46
612	101
613	6
614	3
614	9
614	14
614	31
614	40
614	67
614	124
614	158
614	187
615	9
615	48
615	89
615	98
615	116
616	2
616	3
616	5
616	6
616	9
616	27
616	31
616	32
616	34
616	40
616	46
616	47
616	48
616	53
616	60
616	67
616	80
616	86
616	92
616	105
616	115
616	132
616	158
616	161
616	240
616	337
617	361
618	11
619	1
619	2
619	3
619	4
619	5
619	6
619	7
619	9
619	10
619	13
619	14
619	16
619	20
619	21
619	27
619	28
619	29
619	31
619	32
619	34
619	35
619	37
619	38
619	40
619	43
619	46
619	47
619	48
619	49
619	50
619	54
619	55
619	58
619	59
619	60
619	61
619	63
619	64
619	66
619	67
619	68
619	77
619	79
619	80
619	81
619	88
619	89
619	91
619	93
619	101
619	105
619	110
619	112
619	114
619	115
619	117
619	124
619	132
619	140
619	145
619	151
619	153
619	158
619	159
619	161
619	162
619	164
619	165
619	167
619	182
619	183
619	196
619	222
619	223
619	225
619	230
619	233
619	241
619	258
619	265
619	277
619	318
619	335
619	370
621	14
621	34
623	3
624	2
624	6
624	9
624	14
624	23
624	48
624	67
624	113
625	31
625	91
626	34
626	109
627	2
627	3
627	5
627	6
627	9
627	14
627	46
627	55
627	57
627	58
627	60
627	65
627	67
627	75
627	78
627	80
627	81
627	90
627	98
627	105
627	124
627	127
627	132
627	153
627	162
627	192
627	214
627	233
627	235
627	241
627	352
628	1
628	2
628	3
628	4
628	5
628	6
628	7
628	9
628	12
628	14
628	15
628	16
628	17
628	18
628	23
628	26
628	27
628	28
628	29
628	31
628	32
628	34
628	35
628	37
628	38
628	39
628	40
628	42
628	46
628	48
628	49
628	51
628	52
628	54
628	55
628	56
628	58
628	62
628	64
628	65
628	66
628	67
628	76
628	85
628	86
628	87
628	89
628	91
628	93
628	101
628	102
628	103
628	104
628	105
628	107
628	108
628	109
628	110
628	115
628	124
628	125
628	126
628	130
628	132
628	140
628	143
628	149
628	158
628	161
628	164
628	174
628	177
628	210
628	213
628	220
628	222
628	228
628	236
628	272
628	318
628	328
628	333
628	349
628	354
628	357
628	374
630	2
630	3
630	5
630	9
630	14
630	40
630	43
630	46
630	48
630	50
630	59
630	60
630	67
630	105
630	115
630	132
630	135
630	209
630	241
630	353
631	9
632	2
632	3
632	5
632	9
632	14
632	16
632	20
632	31
632	34
632	35
632	40
632	44
632	59
632	92
632	126
632	329
633	3
633	4
633	6
633	9
633	12
633	14
633	16
633	17
633	32
633	34
633	40
633	41
633	46
633	47
633	58
633	67
633	68
633	101
633	105
633	112
633	138
633	161
633	183
634	6
634	9
634	101
636	5
636	8
636	9
636	14
636	35
636	50
636	67
636	105
637	3
637	6
637	34
637	40
637	67
638	2
638	6
638	34
639	3
639	6
639	12
639	14
639	28
639	46
639	58
639	90
640	9
640	63
640	142
641	55
642	5
642	9
642	14
642	27
642	35
642	46
642	47
642	65
642	67
642	101
642	246
642	330
643	3
643	5
643	6
643	9
643	12
643	28
643	31
643	46
643	48
643	50
643	56
643	64
643	66
643	91
643	96
643	105
643	126
644	2
644	3
644	5
644	6
644	7
644	8
644	9
644	12
644	14
644	16
644	18
644	19
644	20
644	21
644	27
644	31
644	34
644	35
644	39
644	40
644	43
644	46
644	51
644	55
644	56
644	60
644	91
644	92
644	118
644	120
644	139
644	161
644	163
644	166
644	282
644	325
644	340
644	360
645	5
646	3
646	5
646	9
646	14
646	16
646	23
646	27
646	34
646	35
646	37
646	40
646	41
646	46
646	48
646	50
646	58
646	60
646	65
646	67
646	68
646	86
646	97
646	156
646	158
646	171
646	172
646	185
646	214
647	3
648	3
648	6
648	14
648	31
648	59
648	63
648	103
648	297
650	3
650	4
650	5
650	6
650	9
650	11
650	18
650	20
650	22
650	27
650	31
650	32
650	40
650	46
650	47
650	51
650	54
650	64
650	68
650	74
650	79
650	81
650	85
650	90
650	101
650	105
650	123
650	126
650	136
650	158
650	223
650	241
650	330
651	2
651	3
651	5
651	6
651	8
651	9
651	12
651	14
651	16
651	18
651	20
651	21
651	23
651	31
651	34
651	35
651	39
651	40
651	43
651	46
651	56
651	60
651	65
651	86
651	91
651	92
651	120
651	139
651	161
651	168
651	228
651	241
651	325
651	328
652	2
652	3
652	4
652	5
652	6
652	10
652	13
652	20
652	31
652	40
652	46
652	47
652	50
652	55
652	92
652	98
652	151
652	158
652	171
652	183
653	2
653	3
653	5
653	6
653	9
653	11
653	14
653	23
653	31
653	32
653	34
653	40
653	46
653	53
653	54
653	55
653	58
653	64
653	81
653	93
653	102
653	222
653	338
654	2
654	3
654	5
654	6
654	9
654	10
654	16
654	20
654	29
654	31
654	34
654	40
654	46
654	48
654	54
654	59
654	60
654	67
654	86
654	90
654	101
654	105
654	115
654	158
654	183
654	212
654	222
655	1
655	3
655	6
655	9
655	20
655	23
655	31
655	34
655	43
655	58
655	66
655	81
655	100
656	3
656	5
656	6
656	9
656	12
656	14
656	20
656	23
656	27
656	31
656	37
656	46
656	48
656	57
656	63
656	67
656	88
656	89
656	91
656	162
656	167
656	173
656	300
656	303
657	1
657	18
657	212
657	346
659	5
659	6
659	9
659	32
659	34
659	40
659	46
659	67
659	124
659	132
660	2
660	3
660	5
660	6
660	8
660	9
660	12
660	14
660	16
660	18
660	19
660	20
660	21
660	27
660	31
660	34
660	39
660	40
660	46
660	47
660	54
660	56
660	58
660	59
660	60
660	61
660	66
660	67
660	85
660	86
660	90
660	92
660	101
660	105
660	113
660	120
660	144
660	161
660	325
660	326
662	2
662	3
662	9
662	11
662	14
662	20
662	31
662	35
662	40
662	46
662	48
662	67
662	105
662	153
662	158
662	187
663	3
663	4
663	5
663	20
663	27
663	37
663	46
663	59
663	62
663	67
663	139
663	158
663	182
663	241
663	252
663	289
664	9
664	49
664	67
666	67
667	3
667	6
667	91
667	113
667	192
668	1
668	2
668	3
668	4
668	5
668	6
668	8
668	9
668	13
668	14
668	16
668	17
668	18
668	20
668	21
668	27
668	31
668	32
668	33
668	34
668	35
668	37
668	38
668	40
668	41
668	42
668	43
668	44
668	46
668	47
668	48
668	49
668	50
668	54
668	55
668	56
668	58
668	60
668	63
668	64
668	66
668	67
668	68
668	77
668	86
668	89
668	93
668	95
668	102
668	103
668	105
668	107
668	109
668	110
668	113
668	117
668	124
668	125
668	126
668	135
668	137
668	139
668	142
668	146
668	150
668	151
668	154
668	158
668	160
668	161
668	165
668	178
668	182
668	183
668	203
668	206
668	209
668	210
668	211
668	213
668	214
668	235
668	241
668	242
668	284
668	330
668	344
669	5
669	6
669	9
669	109
669	277
670	3
670	5
670	9
670	13
670	14
670	27
670	28
670	31
670	32
670	35
670	40
670	44
670	46
670	59
670	63
670	66
670	67
670	68
670	86
670	236
670	329
671	92
672	361
673	11
673	67
673	76
673	94
673	142
674	1
674	2
674	3
674	4
674	5
674	6
674	9
674	11
674	13
674	14
674	16
674	20
674	33
674	34
674	35
674	40
674	41
674	42
674	44
674	50
674	51
674	54
674	55
674	60
674	64
674	83
674	91
674	105
674	107
674	125
674	142
674	150
674	154
674	158
674	183
674	210
674	211
674	277
674	284
674	328
675	3
675	4
675	5
675	6
675	9
675	10
675	11
675	14
675	16
675	20
675	29
675	34
675	35
675	46
675	50
675	59
675	68
675	92
675	124
675	126
675	158
675	161
675	330
675	335
676	3
676	5
676	6
676	8
676	9
676	14
676	25
676	31
676	34
676	35
676	46
676	48
676	60
676	67
676	68
676	91
676	94
676	107
676	115
676	125
676	132
676	142
676	153
676	158
676	223
676	283
677	3
677	11
677	66
677	85
677	203
678	5
678	6
678	9
678	16
678	31
678	46
678	62
678	64
678	66
678	67
678	118
678	158
679	40
679	46
679	48
679	132
681	3
681	5
681	6
681	9
681	23
681	34
681	40
681	46
681	64
681	76
681	93
681	105
681	177
682	64
683	59
685	46
685	58
685	67
686	2
686	3
686	5
686	6
686	9
686	12
686	14
686	27
686	34
686	40
686	46
686	48
686	55
686	67
686	68
686	86
686	89
686	92
686	105
686	125
686	145
686	183
686	217
686	336
688	3
688	5
688	6
688	9
688	27
688	32
688	37
688	40
688	46
688	49
688	50
688	56
688	64
688	75
688	83
688	100
688	105
688	116
688	117
688	118
688	188
688	261
689	32
690	2
690	3
690	5
690	6
690	9
690	11
690	14
690	19
690	20
690	27
690	32
690	34
690	35
690	39
690	40
690	41
690	46
690	48
690	49
690	50
690	54
690	59
690	67
690	84
690	86
690	94
690	105
690	108
690	115
690	126
690	145
690	161
690	165
690	194
690	209
690	241
692	3
692	5
692	6
692	9
692	11
692	40
692	81
692	83
692	93
692	151
693	2
693	3
693	4
693	5
693	6
693	8
693	9
693	11
693	12
693	14
693	16
693	18
693	19
693	20
693	21
693	22
693	27
693	31
693	34
693	35
693	38
693	39
693	40
693	43
693	46
693	47
693	49
693	53
693	54
693	55
693	56
693	60
693	62
693	63
693	66
693	67
693	91
693	92
693	101
693	110
693	115
693	120
693	139
693	144
693	156
693	161
693	183
693	206
693	209
693	289
693	325
693	337
693	339
693	360
694	2
694	3
694	4
694	5
694	6
694	9
694	10
694	11
694	12
694	13
694	14
694	15
694	16
694	18
694	20
694	21
694	27
694	28
694	29
694	31
694	32
694	34
694	35
694	37
694	40
694	43
694	46
694	48
694	49
694	50
694	51
694	54
694	55
694	56
694	57
694	58
694	60
694	63
694	64
694	65
694	66
694	67
694	76
694	83
694	86
694	91
694	92
694	98
694	102
694	104
694	105
694	111
694	113
694	119
694	123
694	124
694	130
694	131
694	132
694	137
694	144
694	145
694	158
694	161
694	183
694	185
694	188
694	194
694	195
694	223
694	228
694	231
694	235
694	239
694	247
694	264
694	268
694	270
694	333
694	369
696	6
697	3
697	9
697	12
697	14
697	58
697	264
698	3
698	6
698	9
698	14
698	20
698	31
698	35
698	40
698	67
698	98
698	185
698	187
698	241
701	3
701	4
701	5
701	6
701	9
701	11
701	12
701	14
701	19
701	20
701	29
701	30
701	31
701	34
701	40
701	46
701	48
701	50
701	53
701	56
701	59
701	60
701	67
701	75
701	77
701	89
701	91
701	92
701	101
701	105
701	109
701	126
701	132
701	158
701	161
701	162
701	183
701	222
701	230
701	235
701	240
701	246
701	324
701	337
701	365
702	31
702	60
702	88
703	9
704	1
704	2
704	3
704	6
704	8
704	9
704	11
704	14
704	20
704	27
704	31
704	34
704	35
704	43
704	44
704	47
704	48
704	51
704	54
704	55
704	58
704	60
704	64
704	67
704	68
704	86
704	87
704	88
704	91
704	101
704	105
704	110
704	124
704	126
704	151
704	158
704	168
704	178
704	183
704	223
704	228
704	232
704	235
704	236
704	282
705	359
706	50
706	348
707	1
707	2
707	3
707	6
707	9
707	14
707	20
707	41
707	58
707	67
707	126
707	171
707	183
707	277
707	282
709	14
709	223
710	31
710	46
711	91
712	3
712	6
712	9
712	14
712	20
712	27
712	31
712	32
712	35
712	37
712	40
712	46
712	57
712	58
712	67
712	80
712	90
712	105
712	110
712	132
712	145
712	172
712	206
712	226
712	234
712	291
713	1
713	2
713	3
713	5
713	9
713	10
713	16
713	31
713	32
713	34
713	35
713	41
713	50
713	54
713	55
713	60
713	67
713	105
713	115
713	161
713	189
713	194
713	223
714	5
714	127
715	34
716	2
716	3
716	4
716	5
716	6
716	9
716	10
716	14
716	16
716	21
716	23
716	27
716	28
716	31
716	32
716	34
716	35
716	39
716	46
716	48
716	54
716	55
716	56
716	58
716	61
716	62
716	64
716	65
716	67
716	80
716	86
716	88
716	93
716	101
716	105
716	110
716	112
716	115
716	126
716	132
716	139
716	154
716	172
716	188
716	206
716	222
716	225
716	234
717	105
717	116
718	3
718	6
718	9
718	12
718	16
718	27
718	32
718	37
718	40
718	46
718	47
718	62
718	67
718	77
718	105
718	113
718	126
719	2
719	3
719	4
719	5
719	6
719	9
719	14
719	16
719	20
719	28
719	32
719	34
719	35
719	37
719	40
719	46
719	47
719	48
719	49
719	50
719	58
719	66
719	67
719	75
719	77
719	80
719	89
719	90
719	91
719	92
719	105
719	107
719	113
719	123
719	132
719	157
719	166
719	214
719	222
719	223
719	234
719	278
719	290
719	311
720	2
720	6
720	9
720	12
720	28
720	32
720	34
720	43
720	46
720	47
720	48
720	66
720	67
720	68
720	90
720	100
720	113
720	123
720	126
720	132
720	148
720	158
720	172
720	240
720	252
720	357
721	3
721	101
721	183
722	31
723	9
724	3
724	6
724	9
724	14
724	20
724	46
724	130
724	165
725	1
725	3
725	5
725	9
725	13
725	14
725	16
725	24
725	27
725	31
725	37
725	38
725	40
725	45
725	46
725	47
725	51
725	54
725	55
725	58
725	59
725	60
725	83
725	84
725	88
725	89
725	95
725	105
725	157
725	172
725	194
725	329
726	9
726	31
726	67
727	9
728	6
728	9
729	5
729	58
730	1
730	3
730	6
730	9
730	10
730	12
730	14
730	20
730	34
730	38
730	40
730	41
730	46
730	47
730	50
730	56
730	125
730	146
730	161
730	223
730	270
731	31
732	3
732	5
732	9
732	16
732	32
732	35
732	40
732	59
732	241
733	3
733	5
733	6
733	32
733	34
733	66
733	88
733	105
733	108
734	3
734	6
734	9
734	102
734	124
735	6
735	23
735	153
736	40
737	9
737	10
737	23
737	35
737	40
737	49
737	54
737	65
737	105
737	108
737	111
737	118
737	126
737	149
737	165
738	1
738	2
738	3
738	4
738	5
738	6
738	7
738	9
738	12
738	14
738	16
738	27
738	31
738	32
738	34
738	35
738	37
738	41
738	46
738	47
738	49
738	54
738	55
738	58
738	64
738	66
738	67
738	75
738	83
738	88
738	91
738	93
738	103
738	105
738	107
738	108
738	114
738	127
738	132
738	150
738	154
738	172
738	173
738	194
738	225
738	272
738	317
738	330
738	360
739	126
740	5
740	9
740	40
740	41
740	56
740	67
740	101
740	158
740	183
741	4
741	5
741	9
741	11
741	14
741	18
741	20
741	31
741	41
741	46
741	50
741	67
741	154
741	183
741	222
742	6
743	46
745	2
745	3
745	5
745	6
745	9
745	11
745	14
745	20
745	29
745	30
745	31
745	32
745	34
745	37
745	39
745	41
745	46
745	47
745	48
745	50
745	56
745	58
745	60
745	61
745	66
745	67
745	68
745	77
745	86
745	88
745	89
745	91
745	92
745	101
745	104
745	112
745	115
745	182
745	183
745	188
745	212
745	228
745	231
745	264
745	282
745	337
745	363
745	365
746	3
746	9
746	14
747	20
748	3
748	5
748	6
748	9
748	14
748	16
748	20
748	27
748	28
748	35
748	46
748	59
748	67
748	158
748	161
748	174
748	230
748	272
749	3
749	5
749	6
749	9
749	10
749	35
749	39
749	40
749	48
749	49
749	54
749	64
749	86
749	92
749	106
749	126
749	141
749	165
750	2
750	3
750	5
750	6
750	9
750	14
750	31
750	34
750	40
750	60
750	67
750	88
750	115
751	6
751	9
751	23
751	40
751	115
753	1
753	2
753	3
753	4
753	5
753	6
753	9
753	14
753	16
753	19
753	21
753	27
753	31
753	32
753	34
753	35
753	40
753	41
753	46
753	48
753	55
753	56
753	60
753	66
753	67
753	76
753	89
753	93
753	105
753	108
753	113
753	124
753	146
753	158
753	161
753	164
753	217
753	235
754	3
754	5
754	9
754	14
754	16
754	18
754	27
754	31
754	32
754	35
754	39
754	46
754	47
754	48
754	49
754	54
754	60
754	64
754	67
754	86
754	90
754	91
754	106
754	118
754	130
754	132
754	161
754	325
755	2
755	3
755	5
755	6
755	9
755	10
755	12
755	14
755	20
755	29
755	32
755	34
755	35
755	37
755	43
755	46
755	48
755	50
755	55
755	57
755	60
755	61
755	62
755	67
755	68
755	77
755	85
755	86
755	89
755	91
755	95
755	104
755	105
755	116
755	121
755	126
755	135
755	161
755	183
755	185
755	223
755	228
755	363
756	9
758	9
760	2
760	3
760	5
760	9
760	14
760	16
760	20
760	34
760	35
760	40
760	44
760	59
760	60
760	92
760	126
760	329
761	119
762	3
762	6
762	9
762	40
762	41
762	61
762	319
763	2
763	31
763	40
763	63
763	67
763	105
764	31
765	1
765	3
765	5
765	6
765	7
765	9
765	16
765	18
765	22
765	27
765	28
765	31
765	34
765	35
765	37
765	40
765	41
765	46
765	47
765	55
765	59
765	61
765	66
765	67
765	80
765	85
765	90
765	91
765	93
765	101
765	104
765	107
765	110
765	119
765	156
765	259
765	326
765	330
766	3
766	5
766	9
766	14
766	20
767	2
767	3
767	5
767	6
767	7
767	8
767	9
767	12
767	14
767	16
767	18
767	20
767	21
767	23
767	31
767	34
767	39
767	40
767	43
767	44
767	46
767	56
767	60
767	65
767	86
767	91
767	92
767	120
767	139
767	161
767	168
767	228
767	241
767	325
767	328
768	2
768	9
768	23
769	74
770	3
770	46
770	67
770	105
772	5
773	3
773	5
773	9
773	183
774	1
774	3
774	4
774	5
774	6
774	9
774	16
774	40
774	55
774	81
774	101
774	277
775	9
775	93
776	1
776	3
776	4
776	5
776	6
776	7
776	9
776	14
776	16
776	18
776	20
776	31
776	32
776	34
776	35
776	40
776	44
776	46
776	47
776	48
776	50
776	54
776	56
776	59
776	60
776	65
776	86
776	90
776	91
776	92
776	105
776	115
776	124
776	128
776	143
776	154
776	157
776	158
776	182
776	183
776	194
776	209
776	217
776	223
776	297
776	335
776	353
776	360
777	32
777	58
777	107
777	183
777	235
778	2
778	3
778	5
778	6
778	9
778	34
778	35
778	40
778	46
778	67
778	97
778	105
778	154
778	277
779	43
779	53
779	59
781	3
781	4
781	9
781	16
781	18
781	20
781	23
781	42
781	76
781	113
781	183
781	233
781	316
782	123
783	3
785	85
785	222
785	341
786	3
786	9
786	32
786	34
786	44
786	47
786	61
786	65
786	101
786	130
787	2
787	3
787	5
787	6
787	9
787	11
787	12
787	14
787	20
787	23
787	31
787	34
787	35
787	37
787	40
787	41
787	43
787	46
787	47
787	50
787	56
787	62
787	67
787	68
787	77
787	85
787	86
787	89
787	91
787	92
787	93
787	105
787	112
787	115
787	119
787	143
787	164
787	182
787	188
787	228
787	264
787	282
787	300
787	337
787	350
788	1
788	2
788	3
788	4
788	5
788	6
788	9
788	11
788	12
788	13
788	14
788	16
788	17
788	20
788	27
788	28
788	31
788	33
788	34
788	35
788	37
788	39
788	40
788	41
788	42
788	48
788	50
788	55
788	58
788	60
788	63
788	67
788	68
788	86
788	87
788	91
788	93
788	102
788	103
788	105
788	107
788	112
788	113
788	117
788	123
788	125
788	126
788	132
788	142
788	150
788	151
788	154
788	158
788	161
788	165
788	183
788	209
788	210
788	211
788	216
788	225
788	281
788	284
788	301
788	370
